proband,Phenotype_1,Phenotype_2,Phenotype_3
Sample_1,0.74281604373006,1.38726258721697,2.2216157256794
Sample_2,0.603434792518987,1.47157217716004,2.30027423633323
Sample_3,0.559269483350361,0.643377526135574,1.63784718886011
Sample_4,0.532820584957577,1.52469497710604,2.18463104249777
Sample_5,0.740592582121251,1.64093191394565,2.0438234584063
Sample_6,0.601527062954834,1.29099647252869,2.1159301865904
Sample_7,0.326210307655287,0.852249074002598,1.44074805318195
Sample_8,0.643729591091562,1.59938110238488,1.85733317036975
Sample_9,0.40151127661386,1.25742253131074,1.87285071091514
Sample_10,0.51696094656006,1.11316520798099,2.07844924351924
Sample_11,0.903823816871128,1.75984277420771,2.54461590259219
Sample_12,0.52865938968058,1.50309868111393,1.92639590103103
Sample_13,0.565167761808931,1.51654320589493,1.63530293813175
Sample_14,0.53657800425448,0.700723455529639,1.63024237302876
Sample_15,0.575921786135126,1.26992660152439,1.35949605789041
Sample_16,0.856988840584278,0.979316515246094,1.81006865899296
Sample_17,0.70061757480177,1.52136438612773,2.15490801972822
Sample_18,0.687317835346702,1.37377528292792,1.92058987617441
Sample_19,0.828798744485315,0.987945178235033,1.38516701544567
Sample_20,0.715834891977529,1.1443703126215,1.35356003054745
Sample_21,0.691620028069363,1.41124324600514,1.71071695110772
Sample_22,0.764542133195875,0.984428664089436,1.18142705651081
Sample_23,0.965641161680088,0.970354357409968,1.40159261676055
Sample_24,0.793182818537646,1.06745079562274,1.33119613014124
Sample_25,0.59468546997671,1.17815267097907,1.81527560638848
Sample_26,0.706718455766049,1.61302794227338,2.21811158420886
Sample_27,0.82427173476508,1.56119756360921,2.192119073175
Sample_28,0.571935836347306,0.866249260598903,1.00759944005481
Sample_29,0.625674882517749,0.671428218206671,0.785906434954716
Sample_30,0.659612994535952,1.40454729454643,2.125203105657
Sample_31,0.357163773119527,1.12074852788146,1.23801515019955
Sample_32,0.723553069797799,1.21480209997505,1.54486691687977
Sample_33,0.687955834002387,0.798727842967818,1.53884468292427
Sample_34,0.679779196283745,0.916113802494568,1.56644259277857
Sample_35,0.816828047326606,1.35472311037547,2.13156655013845
Sample_36,0.650509602950305,1.40178867047903,1.54207322923995
Sample_37,0.798925544922649,1.13042435550025,1.72734864367558
Sample_38,0.643280712809418,0.741632780112609,1.48880432041912
Sample_39,0.745794285522515,1.0786115449646,1.8294601291182
Sample_40,0.654253368996219,1.36820256055766,1.62527796898429
Sample_41,0.739452771880531,0.902932280733811,1.75310852214426
Sample_42,0.757580710148151,1.54083856073177,1.70574513489722
Sample_43,0.563604672289872,1.1406111336896,1.54294240301066
Sample_44,0.963281318238887,1.38993199704498,1.67617582440247
Sample_45,0.614567993938278,1.30581751578188,1.6896286671924
Sample_46,0.47751105364668,0.690726664423584,1.20546169305946
Sample_47,0.688213738085019,0.895352017815827,1.74192271616322
Sample_48,0.705574921567117,1.36041897751444,1.54238580430488
Sample_49,0.377174475930968,0.534555009466123,1.34774719211667
Sample_50,0.267596300936644,0.660780365532866,1.1001412373507
Sample_51,0.384416527541852,1.33430225905014,2.07981307679177
Sample_52,0.704282969219608,1.38418390232562,2.30857457376512
Sample_53,0.454471167895243,1.36066111951876,2.09699303514515
Sample_54,0.576044303255314,0.840751074058762,1.57545151474126
Sample_55,0.53420754144482,1.07049828065118,1.2465355606452
Sample_56,0.683001845182856,1.6270169593154,1.75685498578524
Sample_57,0.884635037805399,1.80044798156186,2.40543464860913
Sample_58,0.593523046442055,1.01968603857608,1.39520403889715
Sample_59,0.826133352749515,1.60646802680443,1.83711806581843
Sample_60,0.380689676892668,0.779756918554457,0.827367280135137
Sample_61,0.909356829331064,1.63288736396281,2.19438086945612
Sample_62,0.546791868845112,1.51293954539257,2.08755775687702
Sample_63,1.01391665336275,1.9032237098926,2.7574787653382
Sample_64,0.834185152632933,1.80410078157876,1.97044202478596
Sample_65,0.640749421230474,1.03980996130676,1.35897078679754
Sample_66,0.515614918003945,1.39230649561638,1.81540678197309
Sample_67,0.481846632409908,0.891914583527715,1.47861918381916
Sample_68,0.863214913162083,1.75762666188827,1.87868817758829
Sample_69,0.434581062163814,1.25790484853863,2.09990576567481
Sample_70,0.585387514974181,1.42755834777705,2.07805924964208
Sample_71,0.778470059477699,1.02174850882366,1.48946452280909
Sample_72,0.351360924584269,0.550244747260019,0.550711229714533
Sample_73,0.927716994441822,1.25298732641475,2.2415784209024
Sample_74,0.459925799111848,0.713158070081533,1.66418254060801
Sample_75,0.662171252807177,1.06496241162077,1.38187341767722
Sample_76,0.810955346506155,1.12986713740159,1.60825921319164
Sample_77,0.745419075517448,1.15745000822948,2.1442683989057
Sample_78,0.93040721381054,1.48446465710234,1.67469830350264
Sample_79,0.683759609707902,1.33746539185732,2.20453028705177
Sample_80,0.678539844732806,1.48375353299722,1.83220259750185
Sample_81,0.581557389219184,0.804517921038283,1.02080695951269
Sample_82,0.600991306779541,1.0527878162446,1.29380861154597
Sample_83,0.621164949134129,0.760016557992523,1.62422334590896
Sample_84,0.585735165235852,0.940768626479304,1.14783824814101
Sample_85,0.645522417151771,0.943327134237201,1.3902401169259
Sample_86,0.630662167022145,1.09888341428307,1.61952000652553
Sample_87,0.413939729071934,1.26990584458905,2.06248738524181
Sample_88,0.548339674113341,0.79077972918556,1.3308440606981
Sample_89,0.44219420348859,0.623439009186259,0.797517040426057
Sample_90,0.619398326428577,0.685609291029066,1.15490885841033
Sample_91,0.575165199549788,0.947485502691044,1.30313058819745
Sample_92,0.755111730818045,1.22234985537317,2.11627199706796
Sample_93,0.807655431965843,0.815386277096731,1.48329990320294
Sample_94,0.535329551224062,1.48838347276174,1.69118317261621
Sample_95,0.382290482087725,1.32370874562706,1.83391357458908
Sample_96,0.749854168744976,1.33051692815711,2.30743533897897
Sample_97,0.796625384824038,1.20825209009882,1.8042983087265
Sample_98,0.825332642737041,1.73338913804112,2.4565913627287
Sample_99,0.579765793410913,1.18679602226914,1.37789479228287
